00110011
00110100
00111001
00111111
01000100
01001001
01010000
01010101
01011001
01011111
01100100
01101001
01101110
01110011
01111000
01111101
10000001
10000110
10001010
10001111
10010011
10010110
10011011
10011110
10100010
10100101
10101001
10101100
10101111
10110010
10110101
10111000
10111010
10111101
10111111
11000001
11000011
11000101
11000111
11001001
11001011
11001100
11001110
11001111
11010000
11010010
11010011
11010100
11010101
11010110
11010110
11010111
11011000
11011000
11011001
11011001
11011001
11011010
11011010
11011010
11011010
11011010
11011010
11011010
11011010
11011010
11011010
11011001
11011001
11011001
11011000
11011000
11010111
11010111
11010110
11010110
11010101
11010101
11010100
11010011
11010011
11010010
11010001
11010000
11001111
11001111
11001110
11001101
11001100
11001011
11001010
11001001
11001000
11000111
11000110
11000101
11000011
11000010
11000001
11000000
10111111
10111101
10111100
10111011
10111010
10111001
10110111
10110110
10110101
10110011
10110010
10110001
10101111
10101110
10101100
10101011
10101010
10101000
10100111
10100110
10100100
10100010
10100000
10011111
10011101
10011011
10011001
10011000
10010110
10010100
10010010
10010000
10001110
10001101
10001011
10001001
10000111
10000110
10000100
10000010
10000000
01111110
01111101
01111011
01111001
01110111
01110110
01110100
01110010
01110000
01101111
01101101
01101011
01101001
01100111
01100110
01100100
01100010
01100000
01011110
01011101
01011011
01011001
01010111
01010101
01010100
01010010
01010000
01001110
01001101
01001011
01001001
01000111
01000101
01000100
01000010
01000000
00111110
00111101
00111011
00111001
00110111
00110110
00110100
00110010
00110000
00101110
00101100
00101011
00101001
00100111
00100101
00100100
00100010
00100000
00011110
00011100
00011011
00011001
00010111
00010101
